(0 0 0.0000)
(0 0 0.0143)
(0 0 0.0285)
(0 0 0.0424)
(0 0 0.0558)
(0 0 0.0682)
(0 0 0.0793)
(0 0 0.0887)
(0 0 0.0956)
(0 0 0.0991)
(0 0 0.0000)
(0 0 0.0143)
(0 0 0.0285)
(0 0 0.0424)
(0 0 0.0558)
(0 0 0.0682)
(0 0 0.0793)
(0 0 0.0887)
(0 0 0.0956)
(0 0 0.0991)
(0 0 0.0000)
(0 0 0.0143)
(0 0 0.0285)
(0 0 0.0424)
(0 0 0.0558)
(0 0 0.0682)
(0 0 0.0793)
(0 0 0.0887)
(0 0 0.0956)
(0 0 0.0991)
(0 0 0.0000)
(0 0 0.0143)
(0 0 0.0285)
(0 0 0.0424)
(0 0 0.0558)
(0 0 0.0682)
(0 0 0.0793)
(0 0 0.0887)
(0 0 0.0956)
(0 0 0.0991)
(0 0 0.0000)
(0 0 0.0143)
(0 0 0.0285)
(0 0 0.0424)
(0 0 0.0558)
(0 0 0.0682)
(0 0 0.0793)
(0 0 0.0887)
(0 0 0.0956)
(0 0 0.0991)
(0 0 0.0000)
(0 0 0.0143)
(0 0 0.0285)
(0 0 0.0424)
(0 0 0.0558)
(0 0 0.0682)
(0 0 0.0793)
(0 0 0.0887)
(0 0 0.0956)
(0 0 0.0991)
(0 0 0.0000)
(0 0 0.0143)
(0 0 0.0285)
(0 0 0.0424)
(0 0 0.0558)
(0 0 0.0682)
(0 0 0.0793)
(0 0 0.0887)
(0 0 0.0956)
(0 0 0.0991)
(0 0 0.0000)
(0 0 0.0143)
(0 0 0.0285)
(0 0 0.0424)
(0 0 0.0558)
(0 0 0.0682)
(0 0 0.0793)
(0 0 0.0887)
(0 0 0.0956)
(0 0 0.0991)
(0 0 0.0000)
(0 0 0.0143)
(0 0 0.0285)
(0 0 0.0424)
(0 0 0.0558)
(0 0 0.0682)
(0 0 0.0793)
(0 0 0.0887)
(0 0 0.0956)
(0 0 0.0991)
(0 0 0.0000)
(0 0 0.0143)
(0 0 0.0285)
(0 0 0.0424)
(0 0 0.0558)
(0 0 0.0682)
(0 0 0.0793)
(0 0 0.0887)
(0 0 0.0956)
(0 0 0.0991)
(0 0 0.0000)
(0 0 0.0143)
(0 0 0.0285)
(0 0 0.0424)
(0 0 0.0558)
(0 0 0.0682)
(0 0 0.0793)
(0 0 0.0887)
(0 0 0.0956)
(0 0 0.0991)
(0 0 0.0000)
(0 0 0.0143)
(0 0 0.0285)
(0 0 0.0424)
(0 0 0.0558)
(0 0 0.0682)
(0 0 0.0793)
(0 0 0.0887)
(0 0 0.0956)
(0 0 0.0991)
(0 0 0.0000)
(0 0 0.0143)
(0 0 0.0285)
(0 0 0.0424)
(0 0 0.0558)
(0 0 0.0682)
(0 0 0.0793)
(0 0 0.0887)
(0 0 0.0956)
(0 0 0.0991)
(0 0 0.0000)
(0 0 0.0143)
(0 0 0.0285)
(0 0 0.0424)
(0 0 0.0558)
(0 0 0.0682)
(0 0 0.0793)
(0 0 0.0887)
(0 0 0.0956)
(0 0 0.0991)
(0 0 0.0000)
(0 0 0.0143)
(0 0 0.0285)
(0 0 0.0424)
(0 0 0.0558)
(0 0 0.0682)
(0 0 0.0793)
(0 0 0.0887)
(0 0 0.0956)
(0 0 0.0991)
(0 0 0.0000)
(0 0 0.0143)
(0 0 0.0285)
(0 0 0.0424)
(0 0 0.0558)
(0 0 0.0682)
(0 0 0.0793)
(0 0 0.0887)
(0 0 0.0956)
(0 0 0.0991)
(0 0 0.0000)
(0 0 0.0143)
(0 0 0.0285)
(0 0 0.0424)
(0 0 0.0558)
(0 0 0.0682)
(0 0 0.0793)
(0 0 0.0887)
(0 0 0.0956)
(0 0 0.0991)
(0 0 0.0000)
(0 0 0.0143)
(0 0 0.0285)
(0 0 0.0424)
(0 0 0.0558)
(0 0 0.0682)
(0 0 0.0793)
(0 0 0.0887)
(0 0 0.0956)
(0 0 0.0991)
(0 0 0.0000)
(0 0 0.0143)
(0 0 0.0285)
(0 0 0.0424)
(0 0 0.0558)
(0 0 0.0682)
(0 0 0.0793)
(0 0 0.0887)
(0 0 0.0956)
(0 0 0.0991)
(0 0 0.0000)
(0 0 0.0143)
(0 0 0.0285)
(0 0 0.0424)
(0 0 0.0558)
(0 0 0.0682)
(0 0 0.0793)
(0 0 0.0887)
(0 0 0.0956)
(0 0 0.0991)
(0 0 0.0000)
(0 0 0.0143)
(0 0 0.0285)
(0 0 0.0424)
(0 0 0.0558)
(0 0 0.0682)
(0 0 0.0793)
(0 0 0.0887)
(0 0 0.0956)
(0 0 0.0991)
(0 0 0.0000)
(0 0 0.0143)
(0 0 0.0285)
(0 0 0.0424)
(0 0 0.0558)
(0 0 0.0682)
(0 0 0.0793)
(0 0 0.0887)
(0 0 0.0956)
(0 0 0.0991)
(0 0 0.0000)
(0 0 0.0143)
(0 0 0.0285)
(0 0 0.0424)
(0 0 0.0558)
(0 0 0.0682)
(0 0 0.0793)
(0 0 0.0887)
(0 0 0.0956)
(0 0 0.0991)
(0 0 0.0000)
(0 0 0.0143)
(0 0 0.0285)
(0 0 0.0424)
(0 0 0.0558)
(0 0 0.0682)
(0 0 0.0793)
(0 0 0.0887)
(0 0 0.0956)
(0 0 0.0991)
(0 0 0.0000)
(0 0 0.0143)
(0 0 0.0285)
(0 0 0.0424)
(0 0 0.0558)
(0 0 0.0682)
(0 0 0.0793)
(0 0 0.0887)
(0 0 0.0956)
(0 0 0.0991)
(0 0 0.0000)
(0 0 0.0143)
(0 0 0.0285)
(0 0 0.0424)
(0 0 0.0558)
(0 0 0.0682)
(0 0 0.0793)
(0 0 0.0887)
(0 0 0.0956)
(0 0 0.0991)
(0 0 0.0000)
(0 0 0.0143)
(0 0 0.0285)
(0 0 0.0424)
(0 0 0.0558)
(0 0 0.0682)
(0 0 0.0793)
(0 0 0.0887)
(0 0 0.0956)
(0 0 0.0991)
(0 0 0.0000)
(0 0 0.0143)
(0 0 0.0285)
(0 0 0.0424)
(0 0 0.0558)
(0 0 0.0682)
(0 0 0.0793)
(0 0 0.0887)
(0 0 0.0956)
(0 0 0.0991)
(0 0 0.0000)
(0 0 0.0143)
(0 0 0.0285)
(0 0 0.0424)
(0 0 0.0558)
(0 0 0.0682)
(0 0 0.0793)
(0 0 0.0887)
(0 0 0.0956)
(0 0 0.0991)
(0 0 0.0000)
(0 0 0.0143)
(0 0 0.0285)
(0 0 0.0424)
(0 0 0.0558)
(0 0 0.0682)
(0 0 0.0793)
(0 0 0.0887)
(0 0 0.0956)
(0 0 0.0991)
(0 0 0.0000)
(0 0 0.0143)
(0 0 0.0285)
(0 0 0.0424)
(0 0 0.0558)
(0 0 0.0682)
(0 0 0.0793)
(0 0 0.0887)
(0 0 0.0956)
(0 0 0.0991)
(0 0 0.0000)
(0 0 0.0143)
(0 0 0.0285)
(0 0 0.0424)
(0 0 0.0558)
(0 0 0.0682)
(0 0 0.0793)
(0 0 0.0887)
(0 0 0.0956)
(0 0 0.0991)
(0 0 0.0000)
(0 0 0.0143)
(0 0 0.0285)
(0 0 0.0424)
(0 0 0.0558)
(0 0 0.0682)
(0 0 0.0793)
(0 0 0.0887)
(0 0 0.0956)
(0 0 0.0991)
(0 0 0.0000)
(0 0 0.0143)
(0 0 0.0285)
(0 0 0.0424)
(0 0 0.0558)
(0 0 0.0682)
(0 0 0.0793)
(0 0 0.0887)
(0 0 0.0956)
(0 0 0.0991)
(0 0 0.0000)
(0 0 0.0143)
(0 0 0.0285)
(0 0 0.0424)
(0 0 0.0558)
(0 0 0.0682)
(0 0 0.0793)
(0 0 0.0887)
(0 0 0.0956)
(0 0 0.0991)
(0 0 0.0000)
(0 0 0.0143)
(0 0 0.0285)
(0 0 0.0424)
(0 0 0.0558)
(0 0 0.0682)
(0 0 0.0793)
(0 0 0.0887)
(0 0 0.0956)
(0 0 0.0991)
(0 0 0.0000)
(0 0 0.0143)
(0 0 0.0285)
(0 0 0.0424)
(0 0 0.0558)
(0 0 0.0682)
(0 0 0.0793)
(0 0 0.0887)
(0 0 0.0956)
(0 0 0.0991)
(0 0 0.0000)
(0 0 0.0143)
(0 0 0.0285)
(0 0 0.0424)
(0 0 0.0558)
(0 0 0.0682)
(0 0 0.0793)
(0 0 0.0887)
(0 0 0.0956)
(0 0 0.0991)
(0 0 0.0000)
(0 0 0.0143)
(0 0 0.0285)
(0 0 0.0424)
(0 0 0.0558)
(0 0 0.0682)
(0 0 0.0793)
(0 0 0.0887)
(0 0 0.0956)
(0 0 0.0991)
(0 0 0.0000)
(0 0 0.0143)
(0 0 0.0285)
(0 0 0.0424)
(0 0 0.0558)
(0 0 0.0682)
(0 0 0.0793)
(0 0 0.0887)
(0 0 0.0956)
(0 0 0.0991)
(0 0 0.0000)
(0 0 0.0143)
(0 0 0.0285)
(0 0 0.0424)
(0 0 0.0558)
(0 0 0.0682)
(0 0 0.0793)
(0 0 0.0887)
(0 0 0.0956)
(0 0 0.0991)
(0 0 0.0000)
(0 0 0.0143)
(0 0 0.0285)
(0 0 0.0424)
(0 0 0.0558)
(0 0 0.0682)
(0 0 0.0793)
(0 0 0.0887)
(0 0 0.0956)
(0 0 0.0991)
(0 0 0.0000)
(0 0 0.0143)
(0 0 0.0285)
(0 0 0.0424)
(0 0 0.0558)
(0 0 0.0682)
(0 0 0.0793)
(0 0 0.0887)
(0 0 0.0956)
(0 0 0.0991)
(0 0 0.0000)
(0 0 0.0143)
(0 0 0.0285)
(0 0 0.0424)
(0 0 0.0558)
(0 0 0.0682)
(0 0 0.0793)
(0 0 0.0887)
(0 0 0.0956)
(0 0 0.0991)
(0 0 0.0000)
(0 0 0.0143)
(0 0 0.0285)
(0 0 0.0424)
(0 0 0.0558)
(0 0 0.0682)
(0 0 0.0793)
(0 0 0.0887)
(0 0 0.0956)
(0 0 0.0991)
(0 0 0.0000)
(0 0 0.0143)
(0 0 0.0285)
(0 0 0.0424)
(0 0 0.0558)
(0 0 0.0682)
(0 0 0.0793)
(0 0 0.0887)
(0 0 0.0956)
(0 0 0.0991)
(0 0 0.0000)
(0 0 0.0143)
(0 0 0.0285)
(0 0 0.0424)
(0 0 0.0558)
(0 0 0.0682)
(0 0 0.0793)
(0 0 0.0887)
(0 0 0.0956)
(0 0 0.0991)
(0 0 0.0000)
(0 0 0.0143)
(0 0 0.0285)
(0 0 0.0424)
(0 0 0.0558)
(0 0 0.0682)
(0 0 0.0793)
(0 0 0.0887)
(0 0 0.0956)
(0 0 0.0991)
