349.0901000000001
348.6080999999993
348.3941000000008
348.1876000000004
348.0208000000008
347.8832000000007
347.7632999999999
347.6553000000007
347.5563000000001
347.4642000000001
347.3782000000002
347.2967999999998
347.21969999999965
347.14629999999966
347.07600000000025
347.00880000000035
346.9440000000002
346.8816000000008
346.8212999999994
346.7628999999997
346.7062999999999
346.6515999999999
346.5981999999996
346.5461000000004
346.49539999999996
346.44589999999994
346.3974999999995
346.35009999999994
346.3039000000004
346.2585000000002
346.214
346.17030000000034
346.1273999999997
346.08520000000004
346.04369999999955
346.00270000000035
345.96269999999976
345.9230999999993
345.8837
345.8453
345.8073000000006
345.76969999999966
345.73250000000075
345.6959
345.65969999999965
345.62391041666604
345.588458333334
345.55348541666706
345.520614583333
345.4931666666661
