300.6759333333323
301.06326666666644
301.3360000000004
301.53326666666715
301.68686666666713
301.8155333333343
301.9275333333323
302.0278666666659
302.1194
302.2040666666665
302.2828666666662
302.35686666666595
302.4269333333326
302.4931999999995
302.55626666666643
302.6164666666683
302.674133333334
302.72953333333265
302.78266666666553
302.83406666666485
302.8833999999997
302.9312666666672
302.9773333333336
303.02226666666667
303.0657999999998
303.1079999999999
303.1489333333345
303.1887999999987
303.22766666666723
303.26539999999954
303.3021999999985
303.33813333333427
303.37326666666763
303.40760000000176
303.44100000000003
303.4736666666664
303.5055333333319
303.53673333333313
303.5672666666675
303.5970666666662
303.6265333333336
303.6551333333325
303.6832666666668
303.71079999999887
303.7377291666653
303.7642416666658
303.7901999999996
303.8156666666667
303.84099999999916
303.86646666666667
