(0 0 0.0014)
(0 0 0.0037)
(0 0 0.0057)
(0 0 0.0072)
(0 0 0.0085)
(0 0 0.0093)
(0 0 0.0098)
(0 0 0.0100)
(0 0 0.0098)
(0 0 0.0093)
(0 0 0.0084)
(0 0 0.0071)
(0 0 0.0055)
(0 0 0.0035)
(0 0 0.0012)
(0 0 0.0014)
(0 0 0.0037)
(0 0 0.0057)
(0 0 0.0072)
(0 0 0.0085)
(0 0 0.0093)
(0 0 0.0098)
(0 0 0.0100)
(0 0 0.0098)
(0 0 0.0093)
(0 0 0.0084)
(0 0 0.0071)
(0 0 0.0055)
(0 0 0.0035)
(0 0 0.0012)
(0 0 0.0014)
(0 0 0.0037)
(0 0 0.0056)
(0 0 0.0072)
(0 0 0.0085)
(0 0 0.0093)
(0 0 0.0098)
(0 0 0.0100)
(0 0 0.0098)
(0 0 0.0093)
(0 0 0.0084)
(0 0 0.0071)
(0 0 0.0055)
(0 0 0.0035)
(0 0 0.0012)
(0 0 0.0014)
(0 0 0.0037)
(0 0 0.0056)
(0 0 0.0072)
(0 0 0.0085)
(0 0 0.0093)
(0 0 0.0098)
(0 0 0.0100)
(0 0 0.0098)
(0 0 0.0093)
(0 0 0.0084)
(0 0 0.0071)
(0 0 0.0055)
(0 0 0.0035)
(0 0 0.0012)
(0 0 0.0014)
(0 0 0.0037)
(0 0 0.0056)
(0 0 0.0072)
(0 0 0.0085)
(0 0 0.0093)
(0 0 0.0098)
(0 0 0.0100)
(0 0 0.0098)
(0 0 0.0093)
(0 0 0.0084)
(0 0 0.0071)
(0 0 0.0055)
(0 0 0.0035)
(0 0 0.0012)
(0 0 0.0014)
(0 0 0.0037)
(0 0 0.0056)
(0 0 0.0072)
(0 0 0.0085)
(0 0 0.0093)
(0 0 0.0098)
(0 0 0.0100)
(0 0 0.0098)
(0 0 0.0093)
(0 0 0.0084)
(0 0 0.0071)
(0 0 0.0055)
(0 0 0.0035)
(0 0 0.0012)
(0 0 0.0014)
(0 0 0.0037)
(0 0 0.0056)
(0 0 0.0072)
(0 0 0.0085)
(0 0 0.0093)
(0 0 0.0098)
(0 0 0.0100)
(0 0 0.0098)
(0 0 0.0093)
(0 0 0.0084)
(0 0 0.0071)
(0 0 0.0055)
(0 0 0.0035)
(0 0 0.0012)
(0 0 0.0014)
(0 0 0.0037)
(0 0 0.0056)
(0 0 0.0072)
(0 0 0.0085)
(0 0 0.0093)
(0 0 0.0098)
(0 0 0.0100)
(0 0 0.0098)
(0 0 0.0093)
(0 0 0.0084)
(0 0 0.0071)
(0 0 0.0055)
(0 0 0.0035)
(0 0 0.0012)
(0 0 0.0014)
(0 0 0.0037)
(0 0 0.0056)
(0 0 0.0072)
(0 0 0.0085)
(0 0 0.0093)
(0 0 0.0098)
(0 0 0.0100)
(0 0 0.0098)
(0 0 0.0093)
(0 0 0.0084)
(0 0 0.0071)
(0 0 0.0055)
(0 0 0.0035)
(0 0 0.0012)
(0 0 0.0014)
(0 0 0.0037)
(0 0 0.0056)
(0 0 0.0072)
(0 0 0.0085)
(0 0 0.0093)
(0 0 0.0098)
(0 0 0.0100)
(0 0 0.0098)
(0 0 0.0093)
(0 0 0.0084)
(0 0 0.0071)
(0 0 0.0055)
(0 0 0.0035)
(0 0 0.0012)
(0 0 0.0014)
(0 0 0.0037)
(0 0 0.0057)
(0 0 0.0072)
(0 0 0.0085)
(0 0 0.0093)
(0 0 0.0098)
(0 0 0.0100)
(0 0 0.0098)
(0 0 0.0093)
(0 0 0.0084)
(0 0 0.0071)
(0 0 0.0055)
(0 0 0.0035)
(0 0 0.0012)
(0 0 0.0014)
(0 0 0.0037)
(0 0 0.0057)
(0 0 0.0072)
(0 0 0.0085)
(0 0 0.0093)
(0 0 0.0098)
(0 0 0.0100)
(0 0 0.0098)
(0 0 0.0093)
(0 0 0.0084)
(0 0 0.0071)
(0 0 0.0055)
(0 0 0.0035)
(0 0 0.0012)
(0 0 0.0014)
(0 0 0.0037)
(0 0 0.0057)
(0 0 0.0072)
(0 0 0.0085)
(0 0 0.0093)
(0 0 0.0098)
(0 0 0.0100)
(0 0 0.0098)
(0 0 0.0093)
(0 0 0.0084)
(0 0 0.0071)
(0 0 0.0055)
(0 0 0.0035)
(0 0 0.0012)
(0 0 0.0014)
(0 0 0.0037)
(0 0 0.0057)
(0 0 0.0072)
(0 0 0.0085)
(0 0 0.0093)
(0 0 0.0098)
(0 0 0.0100)
(0 0 0.0098)
(0 0 0.0093)
(0 0 0.0084)
(0 0 0.0071)
(0 0 0.0055)
(0 0 0.0035)
(0 0 0.0012)
(0 0 0.0014)
(0 0 0.0037)
(0 0 0.0056)
(0 0 0.0072)
(0 0 0.0085)
(0 0 0.0093)
(0 0 0.0098)
(0 0 0.0100)
(0 0 0.0098)
(0 0 0.0093)
(0 0 0.0084)
(0 0 0.0071)
(0 0 0.0055)
(0 0 0.0035)
(0 0 0.0012)
(0 0 0.0014)
(0 0 0.0037)
(0 0 0.0056)
(0 0 0.0072)
(0 0 0.0085)
(0 0 0.0093)
(0 0 0.0098)
(0 0 0.0100)
(0 0 0.0098)
(0 0 0.0093)
(0 0 0.0084)
(0 0 0.0071)
(0 0 0.0055)
(0 0 0.0035)
(0 0 0.0012)
(0 0 0.0014)
(0 0 0.0037)
(0 0 0.0056)
(0 0 0.0072)
(0 0 0.0085)
(0 0 0.0093)
(0 0 0.0098)
(0 0 0.0100)
(0 0 0.0098)
(0 0 0.0093)
(0 0 0.0084)
(0 0 0.0071)
(0 0 0.0055)
(0 0 0.0035)
(0 0 0.0012)
(0 0 0.0014)
(0 0 0.0037)
(0 0 0.0056)
(0 0 0.0072)
(0 0 0.0085)
(0 0 0.0093)
(0 0 0.0098)
(0 0 0.0100)
(0 0 0.0098)
(0 0 0.0093)
(0 0 0.0084)
(0 0 0.0071)
(0 0 0.0055)
(0 0 0.0035)
(0 0 0.0012)
(0 0 0.0014)
(0 0 0.0037)
(0 0 0.0056)
(0 0 0.0072)
(0 0 0.0085)
(0 0 0.0093)
(0 0 0.0098)
(0 0 0.0100)
(0 0 0.0098)
(0 0 0.0093)
(0 0 0.0084)
(0 0 0.0071)
(0 0 0.0055)
(0 0 0.0035)
(0 0 0.0012)
(0 0 0.0014)
(0 0 0.0037)
(0 0 0.0056)
(0 0 0.0072)
(0 0 0.0085)
(0 0 0.0093)
(0 0 0.0098)
(0 0 0.0100)
(0 0 0.0098)
(0 0 0.0093)
(0 0 0.0084)
(0 0 0.0071)
(0 0 0.0055)
(0 0 0.0035)
(0 0 0.0012)
(0 0 0.0014)
(0 0 0.0037)
(0 0 0.0056)
(0 0 0.0072)
(0 0 0.0085)
(0 0 0.0093)
(0 0 0.0098)
(0 0 0.0100)
(0 0 0.0098)
(0 0 0.0093)
(0 0 0.0084)
(0 0 0.0071)
(0 0 0.0055)
(0 0 0.0035)
(0 0 0.0012)
(0 0 0.0014)
(0 0 0.0037)
(0 0 0.0056)
(0 0 0.0072)
(0 0 0.0085)
(0 0 0.0093)
(0 0 0.0098)
(0 0 0.0100)
(0 0 0.0098)
(0 0 0.0093)
(0 0 0.0084)
(0 0 0.0071)
(0 0 0.0055)
(0 0 0.0035)
(0 0 0.0012)
(0 0 0.0014)
(0 0 0.0037)
(0 0 0.0057)
(0 0 0.0072)
(0 0 0.0085)
(0 0 0.0093)
(0 0 0.0098)
(0 0 0.0100)
(0 0 0.0098)
(0 0 0.0093)
(0 0 0.0084)
(0 0 0.0071)
(0 0 0.0055)
(0 0 0.0035)
(0 0 0.0012)
(0 0 0.0014)
(0 0 0.0037)
(0 0 0.0057)
(0 0 0.0072)
(0 0 0.0085)
(0 0 0.0093)
(0 0 0.0098)
(0 0 0.0100)
(0 0 0.0098)
(0 0 0.0093)
(0 0 0.0084)
(0 0 0.0071)
(0 0 0.0055)
(0 0 0.0035)
(0 0 0.0012)
(0 0 0.0014)
(0 0 0.0037)
(0 0 0.0057)
(0 0 0.0072)
(0 0 0.0085)
(0 0 0.0093)
(0 0 0.0098)
(0 0 0.0100)
(0 0 0.0098)
(0 0 0.0093)
(0 0 0.0084)
(0 0 0.0071)
(0 0 0.0055)
(0 0 0.0035)
(0 0 0.0012)
(0 0 0.0014)
(0 0 0.0037)
(0 0 0.0057)
(0 0 0.0072)
(0 0 0.0085)
(0 0 0.0093)
(0 0 0.0098)
(0 0 0.0100)
(0 0 0.0098)
(0 0 0.0093)
(0 0 0.0084)
(0 0 0.0071)
(0 0 0.0055)
(0 0 0.0035)
(0 0 0.0012)
(0 0 0.0014)
(0 0 0.0037)
(0 0 0.0056)
(0 0 0.0072)
(0 0 0.0085)
(0 0 0.0093)
(0 0 0.0098)
(0 0 0.0100)
(0 0 0.0098)
(0 0 0.0093)
(0 0 0.0084)
(0 0 0.0071)
(0 0 0.0055)
(0 0 0.0035)
(0 0 0.0012)
(0 0 0.0014)
(0 0 0.0037)
(0 0 0.0056)
(0 0 0.0072)
(0 0 0.0085)
(0 0 0.0093)
(0 0 0.0098)
(0 0 0.0100)
(0 0 0.0098)
(0 0 0.0093)
(0 0 0.0084)
(0 0 0.0071)
(0 0 0.0055)
(0 0 0.0035)
(0 0 0.0012)
(0 0 0.0014)
(0 0 0.0037)
(0 0 0.0056)
(0 0 0.0072)
(0 0 0.0085)
(0 0 0.0093)
(0 0 0.0098)
(0 0 0.0100)
(0 0 0.0098)
(0 0 0.0093)
(0 0 0.0084)
(0 0 0.0071)
(0 0 0.0055)
(0 0 0.0035)
(0 0 0.0012)
(0 0 0.0014)
(0 0 0.0037)
(0 0 0.0056)
(0 0 0.0072)
(0 0 0.0085)
(0 0 0.0093)
(0 0 0.0098)
(0 0 0.0100)
(0 0 0.0098)
(0 0 0.0093)
(0 0 0.0084)
(0 0 0.0071)
(0 0 0.0055)
(0 0 0.0035)
(0 0 0.0012)
(0 0 0.0014)
(0 0 0.0037)
(0 0 0.0056)
(0 0 0.0072)
(0 0 0.0085)
(0 0 0.0093)
(0 0 0.0098)
(0 0 0.0100)
(0 0 0.0098)
(0 0 0.0093)
(0 0 0.0084)
(0 0 0.0071)
(0 0 0.0055)
(0 0 0.0035)
(0 0 0.0012)
(0 0 0.0014)
(0 0 0.0037)
(0 0 0.0056)
(0 0 0.0072)
(0 0 0.0085)
(0 0 0.0093)
(0 0 0.0098)
(0 0 0.0100)
(0 0 0.0098)
(0 0 0.0093)
(0 0 0.0084)
(0 0 0.0071)
(0 0 0.0055)
(0 0 0.0035)
(0 0 0.0012)
(0 0 0.0014)
(0 0 0.0037)
(0 0 0.0056)
(0 0 0.0072)
(0 0 0.0085)
(0 0 0.0093)
(0 0 0.0098)
(0 0 0.0100)
(0 0 0.0098)
(0 0 0.0093)
(0 0 0.0084)
(0 0 0.0071)
(0 0 0.0055)
(0 0 0.0035)
(0 0 0.0012)
(0 0 0.0014)
(0 0 0.0037)
(0 0 0.0056)
(0 0 0.0072)
(0 0 0.0085)
(0 0 0.0093)
(0 0 0.0098)
(0 0 0.0100)
(0 0 0.0098)
(0 0 0.0093)
(0 0 0.0084)
(0 0 0.0071)
(0 0 0.0055)
(0 0 0.0035)
(0 0 0.0012)
(0 0 0.0014)
(0 0 0.0037)
(0 0 0.0057)
(0 0 0.0072)
(0 0 0.0085)
(0 0 0.0093)
(0 0 0.0098)
(0 0 0.0100)
(0 0 0.0098)
(0 0 0.0093)
(0 0 0.0084)
(0 0 0.0071)
(0 0 0.0055)
(0 0 0.0035)
(0 0 0.0012)
(0 0 0.0014)
(0 0 0.0037)
(0 0 0.0057)
(0 0 0.0072)
(0 0 0.0085)
(0 0 0.0093)
(0 0 0.0098)
(0 0 0.0100)
(0 0 0.0098)
(0 0 0.0093)
(0 0 0.0084)
(0 0 0.0071)
(0 0 0.0055)
(0 0 0.0035)
(0 0 0.0012)
(0 0 0.0014)
(0 0 0.0037)
(0 0 0.0057)
(0 0 0.0072)
(0 0 0.0085)
(0 0 0.0093)
(0 0 0.0098)
(0 0 0.0100)
(0 0 0.0098)
(0 0 0.0093)
(0 0 0.0084)
(0 0 0.0071)
(0 0 0.0055)
(0 0 0.0035)
(0 0 0.0012)
(0 0 0.0014)
(0 0 0.0037)
(0 0 0.0057)
(0 0 0.0072)
(0 0 0.0085)
(0 0 0.0093)
(0 0 0.0098)
(0 0 0.0100)
(0 0 0.0098)
(0 0 0.0093)
(0 0 0.0084)
(0 0 0.0071)
(0 0 0.0055)
(0 0 0.0035)
(0 0 0.0012)
(0 0 0.0014)
(0 0 0.0037)
(0 0 0.0056)
(0 0 0.0072)
(0 0 0.0085)
(0 0 0.0093)
(0 0 0.0098)
(0 0 0.0100)
(0 0 0.0098)
(0 0 0.0093)
(0 0 0.0084)
(0 0 0.0071)
(0 0 0.0055)
(0 0 0.0035)
(0 0 0.0012)
(0 0 0.0014)
(0 0 0.0037)
(0 0 0.0056)
(0 0 0.0072)
(0 0 0.0085)
(0 0 0.0093)
(0 0 0.0098)
(0 0 0.0100)
(0 0 0.0098)
(0 0 0.0093)
(0 0 0.0084)
(0 0 0.0071)
(0 0 0.0055)
(0 0 0.0035)
(0 0 0.0012)
(0 0 0.0014)
(0 0 0.0037)
(0 0 0.0056)
(0 0 0.0072)
(0 0 0.0085)
(0 0 0.0093)
(0 0 0.0098)
(0 0 0.0100)
(0 0 0.0098)
(0 0 0.0093)
(0 0 0.0084)
(0 0 0.0071)
(0 0 0.0055)
(0 0 0.0035)
(0 0 0.0012)
(0 0 0.0014)
(0 0 0.0037)
(0 0 0.0056)
(0 0 0.0072)
(0 0 0.0085)
(0 0 0.0093)
(0 0 0.0098)
(0 0 0.0100)
(0 0 0.0098)
(0 0 0.0093)
(0 0 0.0084)
(0 0 0.0071)
(0 0 0.0055)
(0 0 0.0035)
(0 0 0.0012)
(0 0 0.0014)
(0 0 0.0037)
(0 0 0.0056)
(0 0 0.0072)
(0 0 0.0085)
(0 0 0.0093)
(0 0 0.0098)
(0 0 0.0100)
(0 0 0.0098)
(0 0 0.0093)
(0 0 0.0084)
(0 0 0.0071)
(0 0 0.0055)
(0 0 0.0035)
(0 0 0.0012)
(0 0 0.0014)
(0 0 0.0037)
(0 0 0.0056)
(0 0 0.0072)
(0 0 0.0085)
(0 0 0.0093)
(0 0 0.0098)
(0 0 0.0100)
(0 0 0.0098)
(0 0 0.0093)
(0 0 0.0084)
(0 0 0.0071)
(0 0 0.0055)
(0 0 0.0035)
(0 0 0.0012)
(0 0 0.0014)
(0 0 0.0037)
(0 0 0.0056)
(0 0 0.0072)
(0 0 0.0085)
(0 0 0.0093)
(0 0 0.0098)
(0 0 0.0100)
(0 0 0.0098)
(0 0 0.0093)
(0 0 0.0084)
(0 0 0.0071)
(0 0 0.0055)
(0 0 0.0035)
(0 0 0.0012)
(0 0 0.0014)
(0 0 0.0037)
(0 0 0.0056)
(0 0 0.0072)
(0 0 0.0085)
(0 0 0.0093)
(0 0 0.0098)
(0 0 0.0100)
(0 0 0.0098)
(0 0 0.0093)
(0 0 0.0084)
(0 0 0.0071)
(0 0 0.0055)
(0 0 0.0035)
(0 0 0.0012)
(0 0 0.0014)
(0 0 0.0037)
(0 0 0.0057)
(0 0 0.0072)
(0 0 0.0085)
(0 0 0.0093)
(0 0 0.0098)
(0 0 0.0100)
(0 0 0.0098)
(0 0 0.0093)
(0 0 0.0084)
(0 0 0.0071)
(0 0 0.0055)
(0 0 0.0035)
(0 0 0.0012)
(0 0 0.0014)
(0 0 0.0037)
(0 0 0.0057)
(0 0 0.0072)
(0 0 0.0085)
(0 0 0.0093)
(0 0 0.0098)
(0 0 0.0100)
(0 0 0.0098)
(0 0 0.0093)
(0 0 0.0084)
(0 0 0.0071)
(0 0 0.0055)
(0 0 0.0035)
(0 0 0.0012)
